5.9011092777566 34.823090708025 0.571462629808 0.32656953726707
3.8596185899232 14.896655659681 0.88949564276918 0.79120249850536
5.5726271042061 31.054172842533 -8.1606111934207 66.595575050183
4.011138987655 16.089235978286 -0.60248862658142 0.36299254515997
3.8926707869564 15.152885855624 1.2488125766767 1.5595328516658
3.8554530925578 14.864518548914 -0.78758222019328 0.62028575356458
11.215552162227 125.78861030362 18.171240510019 330.19398167296
20.735690965959 429.96887983574 -15763.352616635 248483285.71636
29.347144606798 861.25489657232 15753.103540251 248160271.14986
56.383057581142 3179.0491821983 152.46289344493 23244.933877601
84.6830488095 7171.2187556722 5.1084933719336 26.09670453109
111.58214109789 12450.57421199 241.55007034808 58346.436485164
131.36077764213 17255.653902746 62.394083494563 3893.0216551265
158.75388644029 25202.796459896 4112.1389612592 16909686.836706
175.05571428562 30644.503104049 -2392.2707921375 5722959.5429142
228.83934625074 52367.446392466 1154.2573471743 1332310.0235058
247.6817255673 61346.237179994 -2131.7373749423 4544304.2357259
283.34220977768 80282.807841697 -234.97761365271 55214.478917922
330.84015604439 109455.20885148 367.30792679305 134915.11308501
405.44142470365 164382.74886573 2308.2427363788 5327984.5300456
423.19990211586 179098.15715088 -2537.8575672118 6440721.0314543
360.87066894405 130227.63970412 221.37928758414 49008.788971263
350.06374197712 122544.62344702 -1629.2464444332 2654443.9766982
398.01427523869 158415.36329378 -5525.1899213204 30527723.66666
386.95938985832 149737.56939952 -10689.595427021 114267450.39338
436.79524680974 190790.08763558 15641.266991656 244649233.10428
401.22931392629 160984.96235376 -4178.3826779094 17458881.803054
449.77445934629 202297.06428025 8542.9739299519 72982403.567838
415.98380873296 173042.52912798 -34902.127035132 1218158471.5765
326.81771291546 106809.81747529 31128.859275332 969005879.78341
327.12237265769 107009.0466932 -784.67421667202 615713.62630985
264.65507190538 70042.307085241 1808.0477128206 3269036.531836
299.62658088093 89776.087970394 739.87456940345 547414.37844995
265.36990241886 70421.185109795 8369.4421862087 70047562.50829
212.38596603536 45107.798568774 -18861.765587333 355766201.07148
190.86660724229 36430.061760181 10209.543219515 104234772.75114
162.67015699017 26461.579975205 149.51506943732 22354.755988846
151.61947949256 22988.466561594 158.19226745922 25024.793483889
152.82531622502 23355.577279278 3996.245238873 15969976.009215
130.45511782354 17018.537766353 -2996.8487173887 8981102.2349145
136.7938925394 18712.569036082 -1517.8392252338 2303835.9136584
130.3498002021 16991.070412727 1069.1653475751 1143114.5404553
120.8391186575 14602.092597922 8250.2705506965 68066964.15969
147.63355748972 21795.667297071 -13066.372041811 170730078.33503
117.82168289411 13881.948960001 6307.6172235187 39786035.038429
108.42800055618 11756.63130461 -2212.0046117185 4892964.4022641
84.678063012055 7170.3743554736 431.97181066492 186599.64520913
102.70827907085 10548.990589697 -26.800020925537 718.24112160924
60.43120475472 3651.9305081069 -874.83109024934 765329.43646685
50.412259328301 2541.3958905838 359.30609230649 129100.86796856
