0	0.5	5.9011092777566
1	1.5	3.8596185899232
2	2.5	5.5726271042061
3	3.5	4.011138987655
4	4.5	3.8926707869564
5	5.5	3.8554530925578
6	6.5	11.215552162227
7	7.5	20.735690965959
8	8.5	29.347144606798
9	9.5	56.383057581142
10	10.5	84.6830488095
11	11.5	111.58214109789
12	12.5	131.36077764213
13	13.5	158.75388644029
14	14.5	175.05571428562
15	15.5	228.83934625074
16	16.5	247.6817255673
17	17.5	283.34220977768
18	18.5	330.84015604439
19	19.5	405.44142470365
20	20.5	423.19990211586
21	21.5	360.87066894405
22	22.5	350.06374197712
23	23.5	398.01427523869
24	24.5	386.95938985832
25	25.5	436.79524680974
26	26.5	401.22931392629
27	27.5	449.77445934629
28	28.5	415.98380873296
29	29.5	326.81771291546
30	30.5	327.12237265769
31	31.5	264.65507190538
32	32.5	299.62658088093
33	33.5	265.36990241886
34	34.5	212.38596603536
35	35.5	190.86660724229
36	36.5	162.67015699017
37	37.5	151.61947949256
38	38.5	152.82531622502
39	39.5	130.45511782354
40	40.5	136.7938925394
41	41.5	130.3498002021
42	42.5	120.8391186575
43	43.5	147.63355748972
44	44.5	117.82168289411
45	45.5	108.42800055618
46	46.5	84.678063012055
47	47.5	102.70827907085
48	48.5	60.43120475472
49	49.5	50.412259328301
