0	0.5	41.325360133615
1	1.5	41.154402895859
2	2.5	80.854066366152
3	3.5	61.861781802797
4	4.5	88.400480582366
5	5.5	148.45071543059
6	6.5	189.78059941592
7	7.5	318.29268096986
8	8.5	506.64353625904
9	9.5	691.06905233587
10	10.5	1032.6487328743
11	11.5	1785.6811299466
12	12.5	1776.5484721825
13	13.5	2243.5918301681
14	14.5	2563.0907624361
15	15.5	3353.5013687315
16	16.5	3834.3932196945
17	17.5	4068.3752970822
18	18.5	4502.9913360656
19	19.5	5405.3614575273
20	20.5	5803.7107550442
21	21.5	7046.546239048
22	22.5	7011.2643025499
23	23.5	7243.6093414603
24	24.5	8045.8090829893
25	25.5	8286.8175691096
26	26.5	7717.8167127391
27	27.5	7811.6725685655
28	28.5	7911.2059533882
29	29.5	7250.289573466
30	30.5	7373.4909331418
31	31.5	6920.7130901596
32	32.5	7130.9674005694
33	33.5	5781.3377313222
34	34.5	5469.368492238
35	35.5	5075.6413567329
36	36.5	4733.9387627774
37	37.5	4459.7848742544
38	38.5	4078.5360202387
39	39.5	4173.8944236584
40	40.5	3881.9330462645
41	41.5	3480.027656859
42	42.5	3641.4500506852
43	43.5	3343.4191354887
44	44.5	3089.2519904446
45	45.5	2750.4978224025
46	46.5	2588.8015984261
47	47.5	2375.4726710581
48	48.5	2115.4559438485
49	49.5	1699.7229163606
