0	0.5	10.782360236049
1	1.5	11.706520213894
2	2.5	12.669983852401
3	3.5	9.2950377395432
4	4.5	8.1997662084285
5	5.5	8.412348466275
6	6.5	24.933365637608
7	7.5	52.987570082015
8	8.5	55.797733278512
9	9.5	134.4969942258
10	10.5	166.51568497101
11	11.5	271.00104439777
12	12.5	235.1645624354
13	13.5	357.80545778525
14	14.5	328.65568756883
15	15.5	479.76603157595
16	16.5	538.22367360481
17	17.5	549.04848636931
18	18.5	658.43013890598
19	19.5	823.08219551769
20	20.5	870.97265004513
21	21.5	738.82377651402
22	22.5	680.30957677446
23	23.5	753.30247497145
24	24.5	766.56073674548
25	25.5	922.97758284288
26	26.5	714.29243023671
27	27.5	909.27317331474
28	28.5	816.01370150274
29	29.5	601.78328061914
30	30.5	624.24869862447
31	31.5	579.04749806048
32	32.5	548.07860684732
33	33.5	408.91946444822
34	34.5	375.61014830603
35	35.5	292.57046198629
36	36.5	295.47943652868
37	37.5	271.53842650237
38	38.5	268.5596385875
39	39.5	275.27895144607
40	40.5	244.91336324193
41	41.5	225.78738147418
42	42.5	231.13076829315
43	43.5	301.2046194636
44	44.5	208.15736811309
45	45.5	216.43980822083
46	46.5	165.21553207035
47	47.5	156.11480133159
48	48.5	98.893629157509
49	49.5	82.611987803167
