4.4275088681423 21.847363929227 0.00010052075151466 6.9307646433708e-07
8.7354426827141 105.21370577634 0.00011088241521434 3.6118672797302e-07
15.843687357415 361.40055509536 -0.0067761969860198 0.0047886797324635
24.747076812919 866.20617544421 0.0079474040519548 0.0048303263026319
36.799181016381 1830.5887213626 0.00050732685160694 1.1425816842477e-05
54.279557207633 3660.4781989438 0.0018725922998049 1.2739968676762e-05
72.251896771797 6404.7614532854 0.0036164341154036 0.00012762973900713
96.526049964187 11144.232007099 0.0022936198580558 0.00014167748495663
119.46883205531 16788.164157455 0.0054915928537393 0.00018494369292258
146.3855263244 24781.908992204 0.0068546403547049 0.0004196063390889
176.411762624 35348.639065279 0.014244078737015 0.001237963242398
204.41081672682 46762.969195285 -0.013677357561486 0.054635340790651
226.74917818498 56545.080282162 0.039451871677335 0.054549153223727
250.27812427492 68137.455844688 0.01620030300246 0.001338562762761
271.8913799588 79820.979309857 0.023005254761744 0.0021614316708758
287.55474365705 88605.923083358 0.016675588529276 0.001408579784877
299.91262788403 95428.36969539 0.030830048147835 0.0015672235874147
316.80445877867 105373.43763466 0.053393983835041 0.058602873685772
326.26312762787 111768.06147467 -0.0015484719249121 0.058920341640279
327.08807406598 112054.59441934 0.016167159872577 0.029619814966081
329.48893262751 113386.61934022 0.40097409214129 16.830336313131
331.48385736027 115195.97719564 -0.31900408191645 16.775013150502
326.25655264531 111019.9867744 0.03776497167034 0.087830016694178
318.84602647104 105263.82913007 0.030468779666063 0.094784730047825
310.10705230434 99076.132272579 0.0069879051574678 0.033588342029451
303.73610251444 94948.078091171 0.054449050140147 0.02588142269065
293.32845932218 88730.11864791 0.029501179340744 0.010887436611207
282.2945239286 82141.91787185 0.087591868922235 0.28589776443042
271.84623624372 76057.96571427 -0.05470321483623 0.4137044463019
260.59372694789 70258.204203066 0.072809845914608 0.14030996344003
247.30482626904 63465.162602202 0.017031355854785 0.011050023921261
238.07847464693 58421.329150312 0.038986570754358 0.016728511791867
218.29428195102 49428.304117422 0.056474447553423 0.13326622972558
203.90864304265 43601.610817933 -0.023024630193759 0.16507158230039
193.15053670929 39160.691822135 0.065221700174642 0.25275628327241
181.28001738498 34779.603532783 0.01032945356689 0.22319735333263
167.89115222145 30158.775319735 0.0017329297741287 0.021184998951118
158.26198458833 27083.800907861 -0.20247933355534 3.7758481740247
152.40926670748 25261.126944757 0.26809919302095 3.8049980788498
141.82370552412 22072.617062806 -0.021247715636372 0.082451216699997
134.62261265225 20456.9978705 0.017731699674468 0.061897331414438
126.3273746933 18116.864510382 -0.0058599330871306 0.066739591260997
115.26357767876 15170.425502924 0.00027617500013306 0.13309638852991
105.41898452668 13091.462092386 0.061316041958832 0.10128053313094
100.79021685081 11724.351889677 -0.0050694255248249 0.0064622176549599
94.014075893196 10353.046290027 -0.030433675541794 0.34771608358719
86.238768028547 8966.1771723406 -0.13746018069144 2.3196277795288
79.255813897695 7471.341525717 0.20842197047384 2.0741582192245
72.788116470613 6481.6387957404 -0.015896452251583 0.12355925175646
67.759037699509 5751.4935217163 0.023899346332412 0.035228943017113
