4.7663201599311 26.858978758852 -0.00099154014234965 0.0010267844785819
8.9616306179336 113.29796340709 0.0010565258070299 0.0010286741021358
16.084733952427 370.19681218902 -0.00051304618824888 0.00048107000160678
26.226360973267 950.78631629103 0.0014013530117105 0.00049229353506188
39.999463943757 2113.4283780903 0.00072685605509323 0.00017192651439113
56.461205910524 4021.3017093623 0.0021213086780634 0.00021839911750474
75.746165471435 7070.3503143239 0.0027099879433603 0.00012736324872289
98.140466127351 11630.551703803 0.0035189017790306 0.00028745231223575
122.39744252966 17690.138439911 0.0055525103213557 0.00063192189801845
147.59646259315 25254.359869648 0.0080601021165447 0.00063652296601499
173.0110510429 34149.804243291 0.0095015852803108 0.00113749186815
198.22431657328 44388.902806362 0.0076904978658849 0.010415298923286
221.99819455205 55033.263446779 0.020604882728964 0.010899998094006
243.23526518048 65361.329582528 0.012953346643189 0.0033761112570793
262.10815087949 74950.21774186 0.016552667439787 0.012529459240322
279.93622962275 84608.581881946 0.026308783115297 0.014270854498225
293.5394138485 92267.297639057 0.0099283313828734 0.10106618180183
305.69581789807 99104.066430482 0.043737353155366 0.11031730460927
313.97194584159 104021.07145658 0.029150481069225 0.017875797855656
319.10554951912 106841.20833904 0.022227787341273 0.046718026607459
322.24686436174 108196.75140866 0.067612099597112 1.7335152799562
322.04550185645 107624.79435384 -0.0030671397800443 1.7145770975975
319.7759066339 105730.26833363 0.058556052103889 0.42907676996014
315.09309182473 102446.78132154 0.0041274409401906 0.43023300863347
309.70133915847 98752.02896312 0.036789334423434 0.099015281753417
302.60437920878 94227.509223692 0.01565102509518 0.19857328160726
293.18591222336 88468.167288212 0.017677766226996 0.40842285080557
283.5328957347 82761.878160095 0.043111900770028 0.51098120324793
273.77109507287 77237.387091824 0.046680503147933 0.39437165178125
263.37317872339 71574.465520573 0.023881329025919 0.19280759200394
249.13978786609 64244.248423585 0.017799321982108 0.19871875225533
238.35738218338 59011.441078793 0.046662118413482 0.28353155865121
225.14184802384 52895.375907852 -0.00037669153670862 1.7919116106878
212.41717967896 47434.072796242 0.03980452833597 1.7043845828384
200.8977013152 42656.283296439 0.027703363716264 0.12114604790652
189.01477305331 38020.029036133 0.028734698314602 0.17539070986769
176.73371643024 33417.760156998 0.01112513815144 0.21162270914878
165.24499374004 29428.938438023 -0.001874928866913 0.56866554214399
156.77928768161 26521.875603881 0.056272536623666 0.52452015003846
147.81386751523 23821.216873102 -0.0085303381994843 0.36219979712981
137.76305681414 20845.375560718 0.040711609228537 0.40646612348637
128.50388696252 18322.805074688 -0.0044830547019076 0.24017104568632
119.93711428915 16188.612311041 0.021084666514756 0.31136641425277
110.47257268221 13891.562879922 0.03670976619379 0.20221297755369
103.22263784418 12221.589937793 -0.0021875317661139 0.07655104753394
96.41804685349 10860.00434283 -0.0039766058929033 0.20268365456653
89.239240376961 9369.9764030713 0.01373887365318 0.42818968834034
82.342173052761 8005.8639315336 0.010143668902064 0.59695694471909
75.088698809181 6777.8606948855 0.016974722160876 0.43921080964501
68.444143667052 5673.0104155403 0.006443877863787 0.15175003533727
