0	0.5	4.7663201599311
1	1.5	8.9616306179336
2	2.5	16.084733952427
3	3.5	26.226360973267
4	4.5	39.999463943757
5	5.5	56.461205910524
6	6.5	75.746165471435
7	7.5	98.140466127351
8	8.5	122.39744252966
9	9.5	147.59646259315
10	10.5	173.0110510429
11	11.5	198.22431657328
12	12.5	221.99819455205
13	13.5	243.23526518048
14	14.5	262.10815087949
15	15.5	279.93622962275
16	16.5	293.5394138485
17	17.5	305.69581789807
18	18.5	313.97194584159
19	19.5	319.10554951912
20	20.5	322.24686436174
21	21.5	322.04550185645
22	22.5	319.7759066339
23	23.5	315.09309182473
24	24.5	309.70133915847
25	25.5	302.60437920878
26	26.5	293.18591222336
27	27.5	283.5328957347
28	28.5	273.77109507287
29	29.5	263.37317872339
30	30.5	249.13978786609
31	31.5	238.35738218338
32	32.5	225.14184802384
33	33.5	212.41717967896
34	34.5	200.8977013152
35	35.5	189.01477305331
36	36.5	176.73371643024
37	37.5	165.24499374004
38	38.5	156.77928768161
39	39.5	147.81386751523
40	40.5	137.76305681414
41	41.5	128.50388696252
42	42.5	119.93711428915
43	43.5	110.47257268221
44	44.5	103.22263784418
45	45.5	96.41804685349
46	46.5	89.239240376961
47	47.5	82.342173052761
48	48.5	75.088698809181
49	49.5	68.444143667052
