0	0.5	11.823376547171
1	1.5	22.656314270233
2	2.5	39.625001492618
3	3.5	64.067964422008
4	4.5	95.557404255525
5	5.5	133.25847826686
6	6.5	176.45942292175
7	7.5	227.60804258184
8	8.5	280.63008305162
9	9.5	336.34896356355
10	10.5	390.99028328272
11	11.5	444.16166467391
12	12.5	493.99870587768
13	13.5	537.97548588437
14	14.5	575.78983142278
15	15.5	613.66521159779
16	16.5	638.59896687413
17	17.5	662.29400063153
18	18.5	674.98880886794
19	19.5	685.11148198759
20	20.5	685.83673205481
21	21.5	684.52880507921
22	22.5	675.45158829976
23	23.5	664.54736600403
24	24.5	649.85641256433
25	25.5	631.15274074757
26	26.5	608.61358952915
27	27.5	588.00123591229
28	28.5	565.60724467159
29	29.5	541.251534235
30	30.5	510.08564316883
31	31.5	486.36809848037
32	32.5	457.1164947247
33	33.5	428.78126297897
34	34.5	406.10614027214
35	35.5	378.86009963763
36	36.5	353.23909944662
37	37.5	330.19928443117
38	38.5	314.17042778031
39	39.5	294.09367336493
40	40.5	273.09670033227
41	41.5	254.37654248482
42	42.5	236.37226842818
43	43.5	217.0929978672
44	44.5	202.58381912895
45	45.5	188.98577028615
46	46.5	174.23266579289
47	47.5	160.79984404868
48	48.5	146.96122569716
49	49.5	134.613955633
