0	0.5	41.152697988659
1	1.5	90.144307262894
2	2.5	164.28015725538
3	3.5	268.45296364101
4	4.5	416.83173160058
5	5.5	603.58567277736
6	6.5	836.81662800629
7	7.5	1111.9135442376
8	8.5	1438.0376447448
9	9.5	1796.8113952736
10	10.5	2175.2272724748
11	11.5	2575.4705506669
12	12.5	2996.6312289876
13	13.5	3404.4527078549
14	14.5	3808.5435617613
15	15.5	4195.1189495037
16	16.5	4556.2361928792
17	17.5	4896.9717725589
18	18.5	5183.162676186
19	19.5	5443.2047031868
20	20.5	5664.5942541059
21	21.5	5835.7589887896
22	22.5	5969.5068954227
23	23.5	6065.4161780732
24	24.5	6137.3597620549
25	25.5	6138.6061546497
26	26.5	6100.5250905324
27	27.5	6040.8543350269
28	28.5	5979.2325942631
29	29.5	5864.0732571193
30	30.5	5732.9776528832
31	31.5	5588.3709123933
32	32.5	5412.3571386279
33	33.5	5242.1977293566
34	34.5	5056.9656589134
35	35.5	4862.1946619279
36	36.5	4662.9032342724
37	37.5	4444.2650605267
38	38.5	4254.7147037856
39	39.5	4055.9621768429
40	40.5	3845.4926321099
41	41.5	3656.4109282856
42	42.5	3453.5756969331
43	43.5	3259.2235079477
44	44.5	3077.9081753252
45	45.5	2902.3216974323
46	46.5	2716.1756631304
47	47.5	2530.0539649822
48	48.5	2337.346313026
49	49.5	2080.7758947565
