5.5674695908385 36.365083416243 -9.3076276138795 1584.29661439
10.503680996335 155.27653116236 -4.3469838232366 4350.7862161653
19.255937141913 539.44153553103 -23.150537685213 21728.806714006
31.963255024785 1432.0628869441 25.002083371545 32262.446249256
46.084813324918 2974.6122238015 -52.164931967871 73347.321311273
66.428669729581 5882.1855582984 1.9421921986833 81571.776188497
90.213358562155 10495.725574735 19.91976022482 101303.10130771
110.50907555854 15668.491362373 32.961347036258 92343.046115595
135.19853602089 23134.855443949 66.971699332158 106019.67655199
160.27089951285 31648.60577701 4.3355137068397 155798.64865143
183.94244589222 41255.087643687 76.7636568358 430979.34898645
206.38189212389 51479.989344159 -49.819598202886 2723945.9882672
226.82077189845 60205.470189092 117.06324255788 2343125.6705383
246.81325393076 69679.014211013 4.6101679898251 683897.70576235
276.25034922642 86017.039976684 35.476353408511 477531.56734949
292.76235984534 95440.437834371 12.470732619399 272744.27347096
298.07116317267 97586.810260361 -3.4052427902492 294115.85960907
310.90417295924 104796.524745 44.712879964946 231579.0017458
319.49067501859 109250.2517461 9.2829777912298 130080.85699535
333.42491505597 118495.26217048 10.989802021128 111748.75361666
333.853178233 117957.67806363 26.761895398926 139466.56640466
329.96957290492 113703.94485255 27.878406249854 50434.241674184
336.26349018382 118087.96025788 -15.69914358011 180194.03753177
328.15422199704 112609.9171914 63.518944087063 155519.90803586
310.19013993912 100668.35419605 8.9389590008286 20569.925225866
303.66336961278 96712.717980617 -2.903358802052 6683.89909586
299.99352182629 94245.810691978 -5.514951267228 6372.1854263373
283.84854424802 84939.78940225 -3.6918555419834 7094.4784219065
273.15244447028 78004.898722169 -13.553551052158 20499.181802018
255.94970774224 68497.079537773 -12.579527478801 9783.536378556
244.26054904105 62863.55347316 -14.562431475274 12063.88971237
237.33879094764 59182.760667584 -7.3474101697187 23708.459019936
222.91786244725 53098.208900588 -25.138962277833 34343.101361583
206.19910938421 45602.20861087 -36.109098862077 29701.002716936
196.99290670855 42150.85946835 5.0555528504043 25592.085531247
178.94098437953 34634.796887635 -28.733332708512 33041.876108672
163.98618154663 29176.31446677 -27.239365222308 32132.563615847
158.39180048291 27556.202425995 -27.470463643843 33413.545265887
149.11426053323 25031.355145589 15.669162344334 41629.529241619
137.69546227952 21452.245273449 -23.131053864413 71740.409801643
132.20608108187 20313.810770784 -20.120023339298 60765.677658051
120.46347542209 16975.819723632 3.0010242037886 49745.749665764
112.51824403095 15307.714574735 -34.315706375038 48597.648611674
103.00101740521 13500.353418223 16.165973713934 90113.731697769
95.595426585373 11819.820998854 -66.265524507757 65369.649317382
87.131321981795 9990.2462846823 37.398135933203 77943.432756109
82.019884475357 9453.1676110299 -38.754294787211 69012.156548917
76.876103352004 8795.8225784164 -14.145427162827 55476.071697817
68.607305869166 6783.1643256324 2.7040629910395 78985.363654313
57.581060043076 5098.7455593528 -102.79052255029 55239.864138075
