6.382378628042 49.701125222381 -0.00086422610352313 0.00020701981831238
11.895868635081 192.46639178254 -0.034380058436452 0.23903064753634
19.413901988953 538.57633481464 -0.34965908804681 12.173219533063
31.070602282907 1335.9491039367 0.38687850398205 11.863986604241
49.81412903518 3388.4697279661 0.015877542328456 5.0834261161322
67.418289380491 6140.4415293883 -0.0071123935040497 5.0759118478288
86.400907832964 9522.1127857589 -0.11216034652636 3.8175801793547
110.59519340602 15027.185959221 0.0533210967624 4.0797816427106
136.54999763867 22585.132118503 0.12843065520265 0.50033653147605
165.61923226939 32345.702763507 -0.033915906576121 0.27360663263011
192.39220889024 41952.64692671 0.028994848320541 0.9849030022227
217.82677734089 53339.298481437 -0.010601594836519 2.331366888669
244.8128310092 66121.080098513 63.991796672742 406713.11190271
269.87347658675 79551.899721332 -61.221878643179 407539.80700787
291.21891774407 91562.599107632 -2.7993731139875 828.85733208387
307.10102085155 101665.92452164 0.099386405462618 0.68997209113983
321.30832033873 111429.87800556 -18.005592515394 59097.469508955
329.04032114673 116281.0979506 17.95966791677 59098.528305519
333.44852201431 118111.50186894 -0.72793920666138 27.566286334172
338.86912953484 120708.14551798 0.8849487097046 62.377422634233
340.58117490572 121653.09251669 -3.5591975748314 1218.1667418539
335.9867122527 116771.33103834 -192.44735202326 3856602.3360208
328.87620089134 112356.62979851 195.90732333214 3857899.9396648
323.91018961451 108737.14858332 -0.16941956033773 163.41174601078
308.75158888 99005.622759896 0.81080942655432 178.12303626977
307.3415368208 98186.909326244 0.28890258655914 36.089549703381
287.32274019158 85397.206349381 -0.18285161124654 34.829301546989
280.24277105068 81807.763150463 3.302956302783 1851.878836669
262.99943829075 72469.618563414 -3.5596681434277 1835.6455746173
251.18483904058 65624.916270794 0.10541182527385 7.1532878141405
239.79665586174 60543.627346759 -0.27026009657822 10.778943804748
232.46793215441 57288.05809579 0.49605515240534 20.058659763685
215.44996348506 50096.956890524 46.378447622388 217650.27449924
203.84680335096 44449.87405872 -42.586158260465 189619.24769087
194.41831697173 41292.630810054 -3.4787194148633 1088.7137449624
181.43078995591 36366.491444079 -0.59441103155941 34.951174241695
166.27784651081 30750.706322606 -2.3135027520657 514.18059826423
158.35089378809 28095.722051562 2.3122008093294 515.26501619742
146.99525011433 24364.353525458 -0.063842309852663 13.345408245218
134.36616068487 20130.403127922 0.7408854351073 52.920340485446
125.43828432951 18291.121813488 -0.18523029605663 48.928425589144
118.35971949891 16781.79341885 0.72190335456427 143.08852548369
104.4908777936 13308.520408345 -0.86768718193694 131.4298496107
98.378759519504 11851.13195335 -0.18765051088745 1.3628359476358
91.056231328426 10218.042714333 0.22748532549806 24.516681179314
81.571014180697 8246.0910004833 -1.2696788560668 190.76570292559
74.526854835578 7158.1563926507 6.1565530600669 2056.8498824708
68.610178373344 6023.8978431196 -5.0814299733544 1897.3999876082
61.852767211041 4800.2556973939 2.2768839766173 362.33777332822
52.732272537325 3665.4156751219 -2.2046451980811 362.27791720836
