4.7663201599311 26.858978758852 -0.00057106012864173 0.00034561478358592
8.9616306179336 113.29796340709 0.00063102607140772 0.00034669673927584
16.084733952427 370.19681218902 -0.00013661085236359 0.00012554696590057
26.226360973267 950.78631629103 0.0010496250463527 0.00013409214826199
39.999463943757 2113.4283780903 0.00072545507262806 0.0001706211934775
56.461205910524 4021.3017093623 0.0021685269838601 0.00020809725951696
75.746165471435 7070.3503143239 0.002803276047128 0.00010222273717255
98.140466127351 11630.551703803 0.0035149718304736 0.00025775250159107
122.39744252966 17690.138439911 0.0055848438409453 0.00059433508001409
147.59646259315 25254.359869648 0.0081846209724674 0.00057145675321744
173.0110510429 34149.804243291 0.0096945176461649 0.00097729277601932
198.22431657328 44388.902806362 0.008170432042775 0.0085184991666225
221.99819455205 55033.263446779 0.020666332859855 0.008645083553424
243.23526518048 65361.329582528 0.013431284437673 0.0023543391393449
262.10815087949 74950.21774186 0.019122229809914 0.0077796641764682
279.93622962275 84608.581881946 0.023966066358865 0.0093759630307681
293.5394138485 92267.297639057 0.013107853615902 0.063870577360406
305.69581789807 99104.066430482 0.040968012349435 0.071380684579277
313.97194584159 104021.07145658 0.029566692623021 0.015389294762829
319.10554951912 106841.20833904 0.022679761829752 0.042891046528287
322.24686436174 108196.75140866 0.067633715107777 1.765230155685
322.04550185645 107624.79435384 0.010445266010016 1.8729497721393
319.7759066339 105730.26833363 0.056805699849343 0.42637734172458
315.09309182473 102446.78132154 0.0038717324665106 0.4239844126619
309.70133915847 98752.02896312 0.040708481635723 0.082627421300181
302.60437920878 94227.509223692 0.013149194323263 0.13930210441312
293.18591222336 88468.167288212 0.019012506656284 0.34376009132942
283.5328957347 82761.878160095 0.047257495099473 0.45250840490299
273.77109507287 77237.387091824 0.041654684197715 0.34487342696164
263.37317872339 71574.465520573 0.023549071695372 0.18467440618202
249.13978786609 64244.248423585 0.019422501738146 0.16978724647066
238.35738218338 59011.441078793 0.040602419730403 0.26161415363068
225.14184802384 52895.375907852 0.0029188125865251 1.8100401493316
212.41717967896 47434.072796242 0.041327452163836 1.7156362742567
200.8977013152 42656.283296439 0.024556752449416 0.10165263766686
189.01477305331 38020.029036133 0.030823721819282 0.14889177591073
176.73371643024 33417.760156998 0.011922074110633 0.1956949736815
165.24499374004 29428.938438023 -0.0019671433993833 0.53020225428943
156.77928768161 26521.875603881 0.055533772448736 0.47500114930994
147.81386751523 23821.216873102 0.0031796412449445 0.25328367544858
137.76305681414 20845.375560718 0.029216468645716 0.2833709863769
128.50388696252 18322.805074688 1.865466532153e-05 0.13013483803695
119.93711428915 16188.612311041 0.017259714502554 0.17642146824086
110.47257268221 13891.562879922 0.030677008804045 0.15586646361735
103.22263784418 12221.589937793 -0.00053022481563033 0.065505775914559
96.41804685349 10860.00434283 -0.0027617583591964 0.18559119907839
89.239240376961 9369.9764030713 0.01356799590701 0.39552084280283
82.342173052761 8005.8639315336 0.011358877561078 0.51938323210858
75.088698809181 6777.8606948855 0.010303281544738 0.36728169425578
68.444143667052 5673.0104155403 0.0097872767355451 0.12985733805263
