4.7663201599311 26.858978758852 0.9563655902139 945.87531524642
8.9616306179336 113.29796340709 7.3156999325329 1387.2042102283
16.084733952427 370.19681218902 10.131278528933 1632.6781625788
26.226360973267 950.78631629103 25.05095640306 2912.9042943967
39.999463943757 2113.4283780903 42.382673879818 19532.356067726
56.461205910524 4021.3017093623 47.997018218317 25454.095710279
75.746165471435 7070.3503143239 77.16484785999 49539.305581874
98.140466127351 11630.551703803 92.02124872829 64752.414086452
122.39744252966 17690.138439911 123.69592710928 105776.08500783
147.59646259315 25254.359869648 134.36341061667 181754.15674178
173.0110510429 34149.804243291 156.92844666895 354107.21250363
198.22431657328 44388.902806362 188.72355084073 696464.98345899
221.99819455205 55033.263446779 137.24604787457 698270.21851331
243.23526518048 65361.329582528 183.08139453906 544492.13425359
262.10815087949 74950.21774186 239.11624574841 1093137.253144
279.93622962275 84608.581881946 187.7351603064 2290039.6958978
293.5394138485 92267.297639057 226.63951837789 5252260.2694877
305.69581789807 99104.066430482 247.72377456839 9504579.8298299
313.97194584159 104021.07145658 65.442862541582 8311534.6472362
319.10554951912 106841.20833904 168.41817238579 6508386.6333101
322.24686436174 108196.75140866 365.3439787332 45020664.239674
322.04550185645 107624.79435384 -66.719477956669 52506982.867469
319.7759066339 105730.26833363 462.52287588152 139088395.98128
315.09309182473 102446.78132154 -381.76786055101 138437989.48289
309.70133915847 98752.02896312 225.9948542452 12184636.551226
302.60437920878 94227.509223692 -93.442464723999 9071610.1191748
293.18591222336 88468.167288212 223.09298224814 48393058.793929
283.5328957347 82761.878160095 -224.69942294972 90149137.557627
273.77109507287 77237.387091824 17.037364399501 50208532.315403
263.37317872339 71574.465520573 56.005966185943 14853816.142586
249.13978786609 64244.248423585 -17.577131153927 17293903.761615
238.35738218338 59011.441078793 -239.79826334262 11028655.446432
225.14184802384 52895.375907852 200.81841356134 29761588.624065
212.41717967896 47434.072796242 -229.25857072803 33290998.386916
200.8977013152 42656.283296439 -136.27156304581 9693235.4975144
189.01477305331 38020.029036133 -90.168682849066 7006095.6460349
176.73371643024 33417.760156998 -91.481412928788 10931463.509618
165.24499374004 29428.938438023 86.815432470993 48317356.564959
156.77928768161 26521.875603881 -167.91749809157 44521492.370181
147.81386751523 23821.216873102 -17.272167300262 30735777.966326
137.76305681414 20845.375560718 11.208601196156 95606162.956297
128.50388696252 18322.805074688 -328.07746995901 70379575.185369
119.93711428915 16188.612311041 -29.636937731789 10317281.433216
110.47257268221 13891.562879922 -228.84689189958 9692248.999771
103.22263784418 12221.589937793 42.006014427813 7623260.223675
96.41804685349 10860.00434283 -154.31520938959 8537209.9266329
89.239240376961 9369.9764030713 8.1996647789129 10668450.527105
82.342173052761 8005.8639315336 -69.717698961924 14320456.57389
75.088698809181 6777.8606948855 -134.57257859096 12565947.240794
68.444143667052 5673.0104155403 -145.05641266497 11593082.01445
