6.3390571197964 49.808136868209 -13.793435139256 5039.9950716204
11.427179377001 182.5444739546 -0.034248798379441 6110.3557783936
19.869485996519 559.5955099741 -9.6967744231414 16163.00356438
32.110733347103 1389.7356759098 3.2583058783365 28822.198912911
47.234221545427 2866.2152370828 -9.9692850591969 43320.463904224
65.737357305661 5466.905208901 7.4152788863453 61408.874379992
88.472629645324 9664.2426318773 -2.8926503038261 98037.129061093
111.80843009985 15124.290492525 -5.9652047915832 146867.26438902
137.44116215197 22543.730942533 46.10442288525 149097.55345924
164.84086511888 31818.363277444 40.347596673541 240665.45316301
191.61091552782 42376.117947106 23.217136425268 284184.52730179
216.28376444592 53331.94390837 36.550001585745 791240.17005164
240.62512901279 65009.281301256 78.432280771338 555144.09861359
262.14697807789 76125.643260164 59.615785295339 238469.3013827
280.14884939086 86247.038915358 67.960799731877 370913.43978098
298.32881723978 96849.950719453 49.541731600161 547261.1287908
311.6040520958 104947.77268667 97.137378164977 1509388.2451796
322.2035898076 111300.4721345 -9.2194893623393 1428188.1009067
329.29527158079 115292.51412547 74.007211791337 613175.75184009
333.58480866847 117904.95992063 -9.3707107993988 633414.81682806
334.46306228584 117829.53602159 48.16938009157 1223479.5876184
333.79954021979 116640.07359478 31.162085966951 183405.44038776
329.10641464313 113133.53300879 -27.386170607766 914093.97077427
320.72390371202 107091.17335708 1.7554789559681 1284968.7480687
310.72519829489 100513.16134261 6.2665249128856 236734.23070529
302.88057385354 95525.001147586 -5.5145003048088 102245.40899918
293.01772113202 89436.747417456 -22.524684502376 115052.84333988
282.15079671266 83240.143801202 -9.8725518468503 215275.44728212
270.80736537419 76769.917750772 -25.431381632686 85655.23105007
256.27939208932 68826.339119033 -21.029648815474 34154.330063971
244.09966461561 62828.26336915 -22.650332709069 19222.540519075
231.64588960417 56616.556639964 -28.243124803682 43045.518663892
218.32228426761 50694.141635156 -19.013891597322 46101.410609564
203.4838908013 44301.826663984 -30.134754740122 37466.990205502
192.40973285494 39794.332596858 -12.571678506321 40179.161690912
181.15353442029 35628.125647308 -30.623215535833 46462.272858775
168.29171282128 31129.677276431 -24.933081626168 55998.714062583
156.43349652449 27040.17258647 -34.033070063826 58565.401535573
145.39063546448 23642.496919294 -17.68701047632 78031.260537581
135.30284654076 20771.059066043 -9.9156763342102 87968.088645314
125.61708148984 18085.743121437 -30.851971164784 80203.379989576
116.38190450093 15663.931490859 -14.80374041805 50463.918082258
107.96319118201 13680.825678216 -24.33103003816 45403.657280475
99.167204299191 11881.327851954 0.00309822247018 61722.09691359
92.637688526919 10653.698599128 -16.266214936765 97804.55062286
83.900668366252 9033.3362794658 -18.627220288837 86732.562771344
77.433880347334 7782.5854927696 -2.2212128793588 79269.623373348
70.791201156205 6625.2801700521 -25.950836583574 74388.087542043
64.58340648476 5591.6503169013 -16.281006686597 81271.024129691
56.621872340906 4493.5483342949 -97.56783484989 65455.150333404
