4.7938930993187 27.063908017542 -0.0015421373477041 0.021827110546282
8.7937214700044 109.64819267887 0.0016113009842697 0.021833458550229
15.859739281708 356.54183883278 0.00017900255030225 2.4905208554476e-05
26.067516851536 922.58401466743 0.00044085166398663 0.00019317766159568
39.661101981681 2054.0417127997 0.0011430290936983 0.00020618331247849
56.200745799452 3992.495621429 0.0016674812696469 0.00015930542943439
75.744938465645 7059.8489663095 0.003190956311264 0.00046166537713873
97.530958279826 11438.067911493 0.003490287209189 0.0013903015347754
121.5297970346 17423.380633852 0.0053299443539563 0.0016376451409021
146.41662433619 24896.184161922 0.0082341940298343 0.0016414894549007
171.81497314389 33782.470805352 0.009479483600168 0.0018137020308281
196.65604062401 43672.102685236 0.007199642658601 0.14639140561926
220.6550723471 54305.420136137 0.015955448184544 0.17514736969712
242.50392498442 64817.964404511 0.018902649748429 0.040037941914359
262.04328594288 74847.304686049 0.013692487834406 0.17092200943555
279.55101282871 84332.399835882 0.028457673306834 0.17173607186073
293.50692878309 92073.541742457 0.025378325880089 0.075070752692097
304.97888918973 98627.078920964 0.023037228016654 0.14636231251493
313.30225560839 103397.48041835 0.027496540600462 0.13878394200731
318.71827400307 106412.39262296 0.026370192915565 0.13932421826779
321.47836253006 107693.21891855 0.038599544968271 0.29477952034834
321.82737373033 107469.02829079 0.029605175144281 0.2568598995765
319.11758225002 105309.96331244 0.027366004651246 0.13915575318592
314.8126946459 102205.20220718 0.033893528234033 0.33476839560158
309.04091240535 98288.95046621 0.030491758908941 0.46510675840378
301.76698636353 93610.426062706 0.037928141889943 0.29745910722908
293.3385607106 88429.640601112 0.02227628596688 1.2896471280631
283.12257297314 82440.832092464 0.036485857827202 1.5894200778413
272.76817897511 76637.548939428 0.028716349388988 0.68579454530955
261.64703553938 70641.030774206 0.029718236578668 0.41909604528412
249.63868548835 64515.941504632 0.025620471255842 0.3225157887512
238.07719376847 58876.795373757 0.046747199943718 2.6657681220413
225.84760755422 53214.007847272 -0.10619039827659 141.38145571578
214.12441745222 48065.780057627 0.15119402233066 139.09098707721
202.23696805747 43122.701552648 0.016742154601721 0.25409011292755
190.63827880363 38525.466224882 0.041834943298468 3.5197408637644
179.25481175299 34245.147837731 0.003448386294174 3.6291219390082
168.18571116176 30362.263963935 -0.0069288826506122 6.4238849409046
157.61402526572 26842.501790811 0.046045432986988 6.6200221348666
147.583825488 23710.381448601 0.035958446843848 1.6359770303106
137.8108702579 20858.937697017 -0.00021324367469184 1.3866762082287
128.51619379182 18308.433689199 0.0067070951555508 0.87136325284153
119.75222385914 16044.689095294 0.02263657748368 0.85755116624898
111.27814973966 13976.023395286 0.0069236756725142 0.44853557150692
103.22093377927 12122.129521694 0.025639288983095 0.97252409541574
95.901846493117 10550.777343885 6.6365592329177e-05 1.0424796921693
88.868817242968 9148.3710116831 0.014206565646039 0.57825727181492
82.008433548562 7877.5583855968 0.015702554677764 0.45925942569745
75.244296503103 6705.5921453338 0.0080613624025376 0.32228740636636
68.868460673939 5680.0507706381 0.0035679677032041 0.27734762554932
