5.5674695908385 36.365083416243 0.00032693174329228 4.5650420995339e-07
10.503680996335 155.27653116236 0.00048240940316192 7.3013093596936e-07
19.255937141913 539.44153553103 0.00070153244690494 1.3126678947834e-06
31.963255024785 1432.0628869441 0.0013484561485772 3.5217558685692e-06
46.084813324918 2974.6122238015 0.0020321780177553 8.1435301416077e-06
66.428669729581 5882.1855582984 0.0028743442464776 1.4692300403139e-05
90.213358562155 10495.725574735 0.0047179221378787 3.5022267334501e-05
110.50907555854 15668.491362373 0.0061746613600106 6.1466377194345e-05
135.19853602089 23134.855443949 0.0073538631802177 7.7114174247992e-05
160.27089951285 31648.60577701 0.0091559568828969 0.0001217948766549
183.94244589222 41255.087643687 0.011356222493713 0.0001820630546863
206.38189212389 51479.989344159 0.014882754361794 0.0003148737003951
226.82077189845 60205.470189092 0.015937037767628 0.00036068107097244
246.81325393076 69679.014211013 0.017759832447399 0.00040069750326011
276.25034922642 86017.039976684 0.021444620859958 0.00058285829391641
292.76235984534 95440.437834371 0.024985235838262 0.00075416686048953
298.07116317267 97586.810260361 0.02522012558061 0.00077005970618653
310.90417295924 104796.524745 0.026793338561026 0.00084781130768179
319.49067501859 109250.2517461 0.029409019418253 0.00098420609389245
333.42491505597 118495.26217048 0.030840629876112 0.0011005156980133
333.853178233 117957.67806363 0.032642924628723 0.0012455324685925
329.96957290492 113703.94485255 0.031691373759618 0.0011081299235922
336.26349018382 118087.96025788 0.0333538635036 0.0012217441072934
328.15422199704 112609.9171914 0.033021247024612 0.0012106110915466
310.19013993912 100668.35419605 0.03094852899218 0.0010378654208453
303.66336961278 96712.717980617 0.031749888367834 0.0011089981520942
299.99352182629 94245.810691978 0.032052886486298 0.0011324616695674
283.84854424802 84939.78940225 0.029916514451399 0.0010227552495165
273.15244447028 78004.898722169 0.03007304450656 0.00097934810642046
255.94970774224 68497.079537773 0.029335474957698 0.00092466887099367
244.26054904105 62863.55347316 0.02742051082468 0.00082335961189782
237.33879094764 59182.760667584 0.027303330522678 0.00081269478501968
222.91786244725 53098.208900588 0.025189720651185 0.00070629767598562
206.19910938421 45602.20861087 0.023388249967944 0.00059478167222809
196.99290670855 42150.85946835 0.023107278924752 0.00059525476633326
178.94098437953 34634.796887635 0.021267434292554 0.00051209618642492
163.98618154663 29176.31446677 0.019343361000596 0.00041812208069343
158.39180048291 27556.202425995 0.018121606427453 0.00037970204801294
149.11426053323 25031.355145589 0.0183065214108 0.00039229202312386
137.69546227952 21452.245273449 0.015877615337418 0.00029751047432367
132.20608108187 20313.810770784 0.01543865864489 0.00029109629750208
120.46347542209 16975.819723632 0.014342021208525 0.00024483505201363
112.51824403095 15307.714574735 0.013382225419421 0.00020938845990588
103.00101740521 13500.353418223 0.012762398639802 0.00020424818928278
95.595426585373 11819.820998854 0.011466318077726 0.00017139812661344
87.131321981795 9990.2462846823 0.010282418561527 0.00014335975575767
82.019884475357 9453.1676110299 0.0098308312588325 0.00013439072032998
76.876103352004 8795.8225784164 0.0096680537780867 0.00013394792912406
68.607305869166 6783.1643256324 0.0085772236644597 0.00010647063156845
57.581060043076 5098.7455593528 0.0067892032397881 7.3334268666949e-05
