6.3390571197964 49.808136868209 0.00035584750850737 4.1563569265284e-07
11.427179377001 182.5444739546 0.00054251589791488 8.0643227352704e-07
19.869485996519 559.5955099741 0.00085888778298239 1.7148680467971e-06
32.110733347103 1389.7356759098 0.0013197786897868 3.4384586813766e-06
47.234221545427 2866.2152370828 0.0020789117652233 7.5178949489233e-06
65.737357305661 5466.905208901 0.0030153170846947 1.512114814058e-05
88.472629645324 9664.2426318773 0.0043045148287623 2.8602501303819e-05
111.80843009985 15124.290492525 0.0058118423924151 4.9142290256276e-05
137.44116215197 22543.730942533 0.0076165636225865 8.1024421308929e-05
164.84086511888 31818.363277444 0.0099501659045166 0.00013331469841197
191.61091552782 42376.117947106 0.01215183462786 0.00019220088637232
216.28376444592 53331.94390837 0.014754520629256 0.00027556513735387
240.62512901279 65009.281301256 0.017178032533922 0.00036915151392715
262.14697807789 76125.643260164 0.019367626780777 0.0004507226974094
280.14884939086 86247.038915358 0.021827893579276 0.00057173686895405
298.32881723978 96849.950719453 0.024259303077361 0.00068859816061644
311.6040520958 104947.77268667 0.02622024328477 0.00079831357345661
322.2035898076 111300.4721345 0.028293642482969 0.00092492815080827
329.29527158079 115292.51412547 0.029789958015282 0.0010085292561549
333.58480866847 117904.95992063 0.03122252453076 0.0011041747057414
334.46306228584 117829.53602159 0.032160187422932 0.0011604325512593
333.79954021979 116640.07359478 0.032483503606381 0.0011637309212065
329.10641464313 113133.53300879 0.032993786620515 0.0011992553413316
320.72390371202 107091.17335708 0.032851622580874 0.001183923005805
310.72519829489 100513.16134261 0.0320724509396 0.0011178963646881
302.88057385354 95525.001147586 0.032110161488135 0.0011216222107571
293.01772113202 89436.747417456 0.0312445702593 0.0010641833163286
282.15079671266 83240.143801202 0.030531017437922 0.0010244837709336
270.80736537419 76769.917750772 0.029682115618949 0.00095781584311978
256.27939208932 68826.339119033 0.028833200841554 0.00090601508427584
244.09966461561 62828.26336915 0.027547300756235 0.00083224334094042
231.64588960417 56616.556639964 0.026411119753704 0.00076394052072353
218.32228426761 50694.141635156 0.025079893021313 0.00069212116631587
203.4838908013 44301.826663984 0.023687835884599 0.000621669943082
192.40973285494 39794.332596858 0.022539516412021 0.00056575827802407
181.15353442029 35628.125647308 0.021198414178013 0.00051169361644468
168.29171282128 31129.677276431 0.019971911914826 0.00045382413503611
156.43349652449 27040.17258647 0.018534019283932 0.00039416773735753
145.39063546448 23642.496919294 0.017411051570257 0.00035077809620482
135.30284654076 20771.059066043 0.016265834653326 0.00031153561417598
125.61708148984 18085.743121437 0.014965850381012 0.00026608386592445
116.38190450093 15663.931490859 0.013916251080795 0.0002309501395807
107.96319118201 13680.825678216 0.013223699493311 0.00021247422778081
99.167204299191 11881.327851954 0.012013000270192 0.00018108334642089
92.637688526919 10653.698599128 0.011338839446841 0.00016221726265083
83.900668366252 9033.3362794658 0.010188296798993 0.00013622994648362
77.433880347334 7782.5854927696 0.0095521020374752 0.00012072943498429
70.791201156205 6625.2801700521 0.0087047810453962 0.00010483303566139
64.58340648476 5591.6503169013 0.007944804361683 8.8443886020496e-05
56.621872340906 4493.5483342949 0.0066945776550188 6.6523141886851e-05
