0	0.5	134.65951138655
1	1.5	212.6908386861
2	2.5	324.03497289668
3	3.5	478.09506838802
4	4.5	676.48769690593
5	5.5	921.51823972879
6	6.5	1218.614267072
7	7.5	1562.920049977
8	8.5	1948.2028470778
9	9.5	2372.8238603796
10	10.5	2814.6429665827
11	11.5	3263.919738189
12	12.5	3713.2474854165
13	13.5	4149.9490022755
14	14.5	4561.3345274635
15	15.5	4966.3176052408
16	16.5	5311.8444581823
17	17.5	5633.7979052733
18	18.5	5891.2885124125
19	19.5	6099.379494163
20	20.5	6263.0248207301
21	21.5	6404.2555224025
22	22.5	6446.9402079146
23	23.5	6443.8946962841
24	24.5	6408.2084411661
25	25.5	6373.69680271
26	26.5	6275.0443006381
27	27.5	6148.4181917385
28	28.5	6019.8626250735
29	29.5	5831.4084417889
30	30.5	5658.7619761011
31	31.5	5455.5053548497
32	32.5	5214.827054815
33	33.5	4993.9003315278
34	34.5	4774.5857283275
35	35.5	4537.2707963165
36	36.5	4296.8992481152
37	37.5	4067.085085918
38	38.5	3832.2669790771
39	39.5	3613.0712471609
40	40.5	3396.6442633441
41	41.5	3196.4994947867
42	42.5	2989.0454026661
43	43.5	2798.5860929192
44	44.5	2613.2843543469
45	45.5	2417.1776868431
46	46.5	2230.5485217172
47	47.5	2059.6268631119
48	48.5	1862.6727354237
49	49.5	1603.0971953649
