0	0.5	6.3390571197964
1	1.5	11.427179377001
2	2.5	19.869485996519
3	3.5	32.110733347103
4	4.5	47.234221545427
5	5.5	65.737357305661
6	6.5	88.472629645324
7	7.5	111.80843009985
8	8.5	137.44116215197
9	9.5	164.84086511888
10	10.5	191.61091552782
11	11.5	216.28376444592
12	12.5	240.62512901279
13	13.5	262.14697807789
14	14.5	280.14884939086
15	15.5	298.32881723978
16	16.5	311.6040520958
17	17.5	322.2035898076
18	18.5	329.29527158079
19	19.5	333.58480866847
20	20.5	334.46306228584
21	21.5	333.79954021979
22	22.5	329.10641464313
23	23.5	320.72390371202
24	24.5	310.72519829489
25	25.5	302.88057385354
26	26.5	293.01772113202
27	27.5	282.15079671266
28	28.5	270.80736537419
29	29.5	256.27939208932
30	30.5	244.09966461561
31	31.5	231.64588960417
32	32.5	218.32228426761
33	33.5	203.4838908013
34	34.5	192.40973285494
35	35.5	181.15353442029
36	36.5	168.29171282128
37	37.5	156.43349652449
38	38.5	145.39063546448
39	39.5	135.30284654076
40	40.5	125.61708148984
41	41.5	116.38190450093
42	42.5	107.96319118201
43	43.5	99.167204299191
44	44.5	92.637688526919
45	45.5	83.900668366252
46	46.5	77.433880347334
47	47.5	70.791201156205
48	48.5	64.58340648476
49	49.5	56.621872340906
