0	0.5	14.32370487462
1	1.5	26.114960023956
2	2.5	45.379356742751
3	3.5	73.200101712442
4	4.5	105.69210421681
5	5.5	145.3709544317
6	6.5	194.36452174575
7	7.5	241.82263230442
8	8.5	294.96519173324
9	9.5	349.13713612278
10	10.5	404.25819544742
11	11.5	452.99436686354
12	12.5	500.80221114578
13	13.5	541.1158908911
14	14.5	573.50271980473
15	15.5	609.69242494136
16	16.5	631.82169597053
17	17.5	650.20603175976
18	18.5	659.80345238979
19	19.5	665.36389358993
20	20.5	664.82935192661
21	21.5	659.25141702127
22	22.5	645.80795552897
23	23.5	625.91948729436
24	24.5	604.62250433244
25	25.5	586.98155831045
26	26.5	564.85875840637
27	27.5	543.93899054501
28	28.5	517.14873833643
29	29.5	487.81537439552
30	30.5	465.6365263432
31	31.5	438.30165193923
32	32.5	411.83145556222
33	33.5	382.33707200857
34	34.5	360.37545819638
35	35.5	337.49791184935
36	36.5	314.41972861326
37	37.5	289.85193408436
38	38.5	267.65033158833
39	39.5	249.29968733748
40	40.5	230.07473760618
41	41.5	212.82855462093
42	42.5	197.48488502313
43	43.5	181.66265409853
44	44.5	168.09787206748
45	45.5	151.20079734857
46	46.5	140.44494803378
47	47.5	128.53904955486
48	48.5	117.98229239868
49	49.5	99.754065408762
